0,0,1//4x2
1,2,1//1x1
2,2,1//1x3
3,2,1//1x1
3,3,1//1x1
2,5,1//1x1
1,5,1//1x1
1,4,1//1x1
1,3,1//1x1
0,3,1//1x1
4,2,1//1x1
0,-1,1//1x1
0,-2,1//1x1
-1,-2,1//1x1
-1,-1,1//1x1
[6,0,0]
-1,0,1,-1|bb2323,,,,||
[7,0,0]
-1,0,-1,-1|bb2323,,,,||
[8,0,0]
-1,1,-1,-1|bb2323,,,,||
[7,1,0]
0,0,0,0|2abb23,,,,||
[9,2,0]
0,0,1,1|||
[7,2,0]
0,1,1,0|||
[6,2,0]
1,1,0,1|||
[7,3,0]
1,0,0,1|||
[8,3,0]
0,1,1,-1|||
[8,4,0]
0,0,1,1|||
[9,1,0]
1,1,0,0|||
[10,1,0]
0,1,1,0|bb5723,,,,||
[8,1,0]
0,-1,0,1|||
[8,2,0]
1,-1,0,-1|||
[7,4,0]
1,0,0,0|23bbbb,,,,||
[9,0,0]
1,0,-1,-1|bb2323,,,,||
[0,5,0]
0,1,0,1|b1bb23,,,,||space_station_4.tscn
[1,5,0]
1,0,0,0|23bbbb,,,,||crusher_room.tscn
[2,5,0]
0,0,1,1|||bottom_room.tscn
[3,5,0]
0,0,0,1|b1bb23,,,,||space_station_2.tscn
[3,4,0]
1,1,0,0|b1bb23,,,,||space_station_1.tscn
[3,3,0]
0,0,1,1|||right_connector.tscn
[1,4,0]
1,0,0,1|||left_connector.tscn
[1,3,0]
0,1,1,0|||clock_room.tscn
[1,2,0]
0,0,0,0|2abb23,,,,||hidden_room.tscn
[0,4,0]
0,1,1,1|b1bb23,,,,||space_station_3.tscn
[0,3,0]
1,1,0,0|||connector_room.tscn
[0,0,0]
-1,-1,0,1|bb2323,,,,||ground.tscn
[0,1,0]
-1,0,1,-1|bb2323,,,,||ground.tscn
[1,0,0]
-1,-1,-1,0|bb2323,,,,||ground.tscn
[1,1,0]
-1,0,-1,-1|bb2323,,,,||ground.tscn
[2,0,0]
-1,-1,-1,0|bb2323,,,,||ground.tscn
[2,1,0]
-1,1,-1,-1|bb2323,,,,||ground.tscn
[3,0,0]
0,-1,-1,0|bb2323,,,,||ground.tscn
[3,1,0]
1,0,-1,-1|bb2323,,,,||ground.tscn
[0,2,0]
0,0,1,0|bb5723,,,,||last_boss_room.tscn
[2,2,0]
0,-1,0,1|||tower.tscn
[2,3,0]
1,-1,0,-1|||tower.tscn
[2,4,0]
0,1,1,-1|||tower.tscn
[3,2,0]
1,1,0,0|||statue_room.tscn
[6,-3,0]
0,1,1,1|bbb823,,,,||
[5,-3,0]
1,1,0,0|bbb823,,,,||
[5,-2,0]
0,0,0,1|b1bb23,,,,||
[6,-2,0]
0,1,0,1|bbb823,,,,||
[6,-1,0]
-1,-1,0,0|bb2323,,,,||
[7,-1,0]
-1,-1,-1,0|bb2323,,,,||
[8,-1,0]
-1,-1,-1,0|bb2323,,,,||
[9,-1,0]
0,-1,-1,0|bb2323,,,,||
[0,0,1]
-1,-1,0,1|||
[0,1,1]
-1,0,1,-1|||
[1,0,1]
-1,-1,-1,0|||
[1,1,1]
-1,0,-1,-1|||
[2,0,1]
-1,-1,-1,0|||
[2,1,1]
-1,1,-1,-1|||
[3,0,1]
0,-1,-1,0|||
[3,1,1]
1,0,-1,-1|||
[2,2,1]
0,-1,0,1|||
[2,3,1]
1,-1,0,-1|||
[2,4,1]
0,1,1,-1|||
[3,2,1]
1,1,0,0|||
[3,3,1]
0,0,1,1|||
[2,5,1]
0,0,1,1|||
[1,5,1]
1,0,0,0|||
[1,4,1]
1,0,0,1|||
[1,3,1]
0,1,1,0|||
[0,3,1]
1,1,0,0|||
[1,2,1]
0,0,0,0|||
[4,2,1]
0,1,1,0|||
[0,-1,1]
0,1,0,1|||
[0,-2,1]
0,1,1,0|||
[-1,-2,1]
1,1,0,0|||
[-1,-1,1]
0,1,0,1|||
